dim 200 200 200
putSphere 70 68 70 10 1 0.8 0.6 1
putBox66 75 78 79 69 72 1 0 0 1
putBox 70 62 68 79 74 70 0 0 0 1
putBox 75 76 77 78 69 72 0 0 0 1
putBox 76 78 76 77 69 72 0 0 0 1
putBox 78 79 74 76 69 72 0 0 0 1
putBox 77 78 75 74 69 72 0 0 0 1
putBox 65 66 77 78 69 72 0 0 0 1
putBox 63 65 76 77 69 72 0 0 0 1
putBox 62 63 74 76 69 72 0 0 0 1
putBox 61 62 75 74 69 72 0 0 0 1
putBox 62 78 48 60 62 78 1 0 0.4 1
putBox 58 62 50 58 66 70 1 0 0.4 1
putBox 58 62 50 54 66 76 1 0 0.4 1
putBox 78 82 50 58 66 70 1 0 0.4 1
putBox 78 82 50 54 66 76 1 0 0.4 1
putBox 62 67 41 48 67 73 1 0.8 0.6 1 
putBox 73 78 41 48 67 73 1 0.8 0.6 1 
putBox 58 62 50 54 76 79 1 0.8 0.6 1 
putBox 78 82 50 54 76 79 1 0.8 0.6 1 
putBox 78 82 50 54 76 77 1 1 1 1
putBox 78 82 47 50 75 78 1 1 1 1
putVoxel 79 49 77 0 0 0 1 
putVoxel 80 49 77 0 0 0 1 
putBox 62 67 39 41 67 75 1 1 1 1
putBox 73 78 39 41 67 75 1 1 1 1
putBox 62 67 38 39 67 75 0 0 0 1
putBox 73 78 38 39 67 75 0 0 0 1
putBox 68 72 64 66 79 80 1 0.29 0.29 1
putBox 65 68 68 71 79 80 0 0 0 1
putBox 72 75 68 71 79 80 0 0 0 1
putBox69 71 65 66 79 80 1 0.8 0.6 1
putVoxel68 64 79 1 0.8 0.6 1
putVoxel 71 64 79 1 0.8 0.6 1
